-1
-1
-3
-1
0
-1
0
0
-7
1
3
-3
1
0
-1
0
-1
2
1
0
-1
0
-1
2
1
0
-1
0
-1
2
1
0
-1
0
-1
2
1
0
-1
0
-1
2
1
0
-1
0
-1
2
1
0
-1
0
-1
2
0
0
-6
1
-5
2
0
0
1
-1
-1
-3
0
-1
-17
-4
-3
-42
-2
-1
-5
-15
-11
-7
-2
-1
-5
-15
-11
-7
-2
-1
-5
-15
-11
-7
-2
-1
-5
-15
-11
-7
-2
-1
-5
-15
-11
-7
-2
-1
-5
-15
-11
-7
-2
-1
-5
-15
-11
-7
-5
-1
-34
-10
-28
6
0
0
2
0
-2
-4
-1
0
-24
-4
-5
-43
-5
1
-1
-8
-28
-12
-5
1
-1
-8
-28
-12
-5
1
-1
-8
-28
-12
-5
1
-1
-8
-28
-12
-5
1
-1
-8
-28
-12
-5
1
-1
-8
-28
-12
-5
1
-1
-8
-28
-12
-6
0
-30
-6
-36
-5
0
0
0
0
0
0
0
0
0
0
0
0
