0.102455 0.000268 0.142723 0.013705 0.122902 0.069420 
0.079643 0.000134 0.143170 0.035491 0.112277 0.057991 
0.091071 0.000134 0.131964 0.034821 0.090536 0.091384 
0.045491 0.000000 0.133125 0.124866 0.046384 0.068482 
0.056920 0.000000 0.132991 0.079107 0.024420 0.068036 
0.068571 0.000045 0.122723 0.135313 0.014687 0.068571 
0.045982 0.000179 0.122321 0.101696 0.006429 0.058795 
0.034598 0.000402 0.112277 0.079509 0.008616 0.056696 
0.034509 0.000402 0.105536 0.079598 0.012500 0.089420 
0.034509 0.000313 0.107768 0.046116 0.023259 0.057143 
0.034598 0.000089 0.097902 0.023527 0.012188 0.034286 
0.034509 0.000268 0.120268 0.024241 0.008661 0.057321 
0.034107 0.000402 0.118214 0.013527 0.029286 0.067812 
0.022812 0.000491 0.140848 0.013080 0.029464 0.102232 
0.079732 0.000268 0.117054 0.034598 0.026741 0.067768 
0.090893 0.000045 0.118705 0.102232 0.025491 0.111920 
0.079732 0.011607 0.096071 0.135446 0.045312 0.090446 
0.079643 0.000268 0.107768 0.113348 0.101473 0.091607 
0.068259 0.000491 0.135446 0.022902 0.070446 0.101250 
0.079643 0.000089 0.085134 0.146339 0.035625 0.089911 
0.057098 0.000446 0.070714 0.078214 0.080402 0.112946 
0.068393 0.000536 0.082902 0.078795 0.102411 0.068214 
0.045536 0.000357 0.126384 0.102589 0.134152 0.102009 
0.057098 0.011696 0.134241 0.079196 0.079866 0.090848 
0.056964 0.011473 0.086875 0.134732 0.046786 0.091339 
0.068482 0.000446 0.094420 0.111116 0.045402 0.113750 
0.046027 0.000313 0.073214 0.123036 0.027545 0.088929 
0.045848 0.000357 0.103036 0.067768 0.046027 0.079821 
0.045580 0.000446 0.100000 0.067143 0.035804 0.091071 
0.079554 0.023080 0.098571 0.108795 0.046518 0.056250 
0.079554 0.068616 0.088393 0.119241 0.135313 0.068571 
0.079911 0.045893 0.088482 0.118170 0.131964 0.080045 
0.080089 0.057277 0.086875 0.138571 0.133839 0.067723 
0.080313 0.080268 0.083348 0.127723 0.135759 0.090000 
0.080268 0.057545 0.093304 0.131205 0.090179 0.090670 
0.068750 0.034821 0.100312 0.132277 0.102946 0.080089 
0.046071 0.000804 0.104063 0.088393 0.099955 0.091205 
0.023259 0.000625 0.115089 0.076696 0.121786 0.103080 
0.023527 0.000759 0.125268 0.068170 0.079196 0.080670 
0.046205 0.000446 0.125982 0.045848 0.077991 0.045312 
0.000670 0.000580 0.119375 0.002366 0.074286 0.047813 
0.046384 0.000982 0.131741 0.016830 0.082768 0.070804 
0.057634 0.000491 0.101384 0.013661 0.067411 0.080223 
0.057500 0.000491 0.137768 0.014955 0.077188 0.081339 
0.068795 0.000625 0.138259 0.020536 0.081250 0.082411 
0.045982 0.000670 0.140491 0.021027 0.130714 0.078616 
0.080045 0.000714 0.133304 0.006920 0.100134 0.078884 
0.045938 0.000714 0.138482 0.003438 0.081563 0.080536 
0.079955 0.000313 0.131116 0.079732 0.099330 0.069554 
0.034241 0.034330 0.058304 0.091339 0.132946 0.078616 
0.011696 0.000313 0.120848 0.024063 0.070268 0.090134 
0.068304 0.000402 0.118705 0.014509 0.069464 0.068214 
0.045893 0.011964 0.126205 0.005089 0.061875 0.068393 
0.045714 0.000580 0.127902 0.008080 0.025625 0.079018 
0.057054 0.000268 0.080000 0.035580 0.027768 0.091161 
0.034509 0.000580 0.139955 0.035268 0.060045 0.068616 
0.056875 0.000580 0.106295 0.102143 0.101116 0.092054 
0.023304 0.000491 0.115446 0.068482 0.051830 0.058214 
0.034598 0.034598 0.132589 0.100000 0.068616 0.092857 
0.045714 0.034777 0.106964 0.090937 0.101384 0.080089 
0.057455 0.000848 0.097232 0.035134 0.059688 0.080357 
0.045446 0.000491 0.100759 0.045937 0.080313 0.082098 
0.034509 0.000714 0.098348 0.079732 0.031563 0.092768 
0.057054 0.000491 0.143036 0.013214 0.091830 0.081384 
0.056741 0.000313 0.134598 0.068750 0.121652 0.115714 
0.068080 0.011786 0.119286 0.112277 0.123437 0.115179 
0.045625 0.011875 0.102188 0.068438 0.047589 0.091786 
0.034107 0.000268 0.078929 0.046071 0.090804 0.081518 
0.079732 0.000223 0.109643 0.024598 0.058705 0.080893 
0.068393 0.011563 0.096964 0.068348 0.049152 0.059241 
0.057009 0.000446 0.083259 0.079911 0.039464 0.058214 
0.091027 0.034955 0.082634 0.143929 0.088973 0.067366 
0.057009 0.034821 0.080089 0.121652 0.111607 0.079643 
0.045804 0.012054 0.079911 0.046250 0.047723 0.079687 
0.045982 0.000536 0.109286 0.029464 0.080714 0.055804 
0.034241 0.000446 0.127455 0.002768 0.035893 0.090179 
0.045536 0.023214 0.082455 0.111830 0.080580 0.091384 
0.057411 0.034777 0.074911 0.120402 0.035446 0.077098 
0.079643 0.046250 0.099063 0.098125 0.078080 0.090045 
0.068973 0.012098 0.099286 0.035491 0.093125 0.090357 
0.046384 0.000759 0.110402 0.005446 0.039643 0.091027 
0.023170 0.000625 0.121875 0.003929 0.071384 0.068929 
0.023170 0.000804 0.130848 0.004330 0.060491 0.068616 
0.023393 0.034955 0.099777 0.134866 0.057679 0.067366 
0.011920 0.034911 0.078750 0.121205 0.036875 0.078705 
0.034643 0.034821 0.088214 0.111027 0.112589 0.112500 
0.034643 0.034911 0.112411 0.090938 0.058259 0.102187 
0.023438 0.000625 0.114777 0.067946 0.093750 0.091205 
0.000580 0.034732 0.082723 0.100134 0.070402 0.091339 
0.022991 0.011920 0.080402 0.067991 0.046384 0.090446 
0.045402 0.000402 0.080625 0.089866 0.080982 0.078482 
0.056920 0.045893 0.078750 0.101071 0.092366 0.100625 
0.057009 0.045893 0.082054 0.101875 0.046518 0.077545 
0.056920 0.045937 0.078705 0.056339 0.078438 0.090759 
0.068036 0.000580 0.077232 0.067902 0.067455 0.056786 
0.068036 0.000670 0.077946 0.024643 0.046205 0.092813 
0.068080 0.000714 0.075357 0.056339 0.037009 0.081384 
0.056652 0.000536 0.076920 0.078170 0.057009 0.059286 
0.068080 0.000937 0.074196 0.064732 0.067277 0.092902 
0.034464 0.011964 0.110179 0.090625 0.058348 0.070670 
0.034554 0.000491 0.087411 0.046250 0.101563 0.069643 
0.056964 0.034911 0.078259 0.112098 0.057500 0.078705 
0.068304 0.034866 0.074018 0.067857 0.100312 0.066607 
0.056920 0.034464 0.095491 0.090893 0.079821 0.057723 
0.079509 0.023304 0.098080 0.067991 0.134286 0.091830 
0.057455 0.000670 0.095804 0.001741 0.122411 0.082812 
0.057054 0.000714 0.100759 0.003170 0.112054 0.070982 
0.000625 0.001161 0.113705 0.005491 0.067768 0.027768 
0.057188 0.000759 0.104911 0.025491 0.100670 0.072321 
0.045625 0.000580 0.139598 0.014152 0.088571 0.083750 
0.034554 0.000982 0.126027 0.003750 0.108795 0.092946 
0.102321 0.001071 0.118839 0.024241 0.100045 0.081830 
0.057188 0.000848 0.080045 0.078705 0.120268 0.058661 
0.023527 0.012143 0.098839 0.077679 0.098616 0.093125 
0.034554 0.001071 0.116161 0.069330 0.129375 0.070045 
0.102321 0.000982 0.097589 0.069375 0.099464 0.071964 
0.068393 0.000580 0.103571 0.079152 0.141786 0.070357 
0.045625 0.000625 0.103750 0.046205 0.100268 0.092009 
0.034420 0.000223 0.118259 0.002991 0.090848 0.068973 
0.023214 0.000491 0.140804 0.001741 0.112009 0.048304 
0.023170 0.000536 0.130848 0.068571 0.132768 0.068170 
0.057054 0.034911 0.100804 0.066161 0.067679 0.090938 
0.045848 0.000670 0.111339 0.056339 0.047009 0.090714 
0.022991 0.000580 0.121875 0.034911 0.095804 0.078616 
0.012232 0.000625 0.104911 0.035357 0.070134 0.081027 
0.023259 0.000937 0.126295 0.057723 0.132991 0.090625 
0.000446 0.000625 0.127946 0.056205 0.092054 0.091696 
0.068705 0.000804 0.115402 0.057500 0.124554 0.069375 
0.034464 0.000402 0.100893 0.055268 0.088750 0.080268 
0.068259 0.000937 0.093795 0.057723 0.109732 0.091518 
0.057054 0.000937 0.105000 0.015536 0.131116 0.081473 
0.057500 0.000491 0.096741 0.024866 0.112634 0.080446 
0.057054 0.000625 0.107277 0.056429 0.080134 0.080179 
0.102545 0.000536 0.077321 0.067143 0.024241 0.079955 
0.056696 0.000580 0.111161 0.056161 0.055580 0.077723 
0.057009 0.000714 0.108750 0.078527 0.057455 0.101518 
0.057232 0.000848 0.116473 0.067768 0.101339 0.089911 
0.068393 0.000714 0.108438 0.058036 0.067812 0.090357 
0.068438 0.000759 0.126875 0.004821 0.091116 0.068080 
0.102634 0.000893 0.123080 0.003929 0.045893 0.079643 
0.057098 0.001161 0.116295 0.024196 0.025759 0.102232 
0.057054 0.000848 0.130134 0.046429 0.055670 0.092500 
0.068527 0.000893 0.132009 0.015759 0.078304 0.048304 
0.056696 0.000893 0.117545 0.014375 0.074866 0.069420 
0.056696 0.000536 0.130000 0.068214 0.108750 0.070312 
0.068214 0.000848 0.129866 0.025134 0.078080 0.092054 
0.079732 0.000982 0.129375 0.025848 0.096920 0.092589 
0.034464 0.000759 0.133348 0.025714 0.056696 0.070313 
0.079821 0.000848 0.086027 0.068214 0.077277 0.079241 
0.091116 0.000670 0.101384 0.046964 0.066205 0.078259 
0.091071 0.000893 0.118973 0.025000 0.057277 0.077455 
0.102321 0.000982 0.108438 0.068259 0.067768 0.079330 
0.102054 0.001071 0.081473 0.068393 0.078304 0.078527 
0.113839 0.000893 0.106161 0.067545 0.067366 0.078393 
0.113527 0.001205 0.126696 0.014241 0.045134 0.091786 
0.079509 0.001027 0.105223 0.057768 0.119554 0.089509 
0.045446 0.001116 0.104866 0.014018 0.068705 0.068080 
0.068304 0.001250 0.099911 0.015491 0.070045 0.091563 
0.079643 0.000982 0.117143 0.078571 0.088080 0.080982 
0.056875 0.012411 0.122098 0.068616 0.110000 0.077902 
0.068214 0.001116 0.101339 0.069554 0.069196 0.089866 
0.079330 0.001116 0.112455 0.078571 0.100268 0.101250 
0.079688 0.001339 0.124732 0.068973 0.076473 0.091205 
0.079643 0.001384 0.125313 0.026339 0.095759 0.092812 
0.045759 0.001295 0.125536 0.017277 0.130937 0.070759 
0.034598 0.001384 0.120491 0.016964 0.065268 0.048527 
0.011607 0.001563 0.123080 0.016027 0.089866 0.048214 
0.045714 0.001116 0.115446 0.036652 0.077054 0.094018 
0.011562 0.000759 0.124241 0.069196 0.108705 0.093571 
0.079777 0.001295 0.125223 0.048125 0.108393 0.103527 
0.056875 0.001295 0.127589 0.048170 0.050402 0.081607 
0.011741 0.001250 0.115580 0.038080 0.056607 0.047455 
0.046116 0.001205 0.126473 0.005625 0.069732 0.095223 
0.034509 0.000893 0.130938 0.070223 0.046027 0.081652 
0.046071 0.000893 0.110402 0.079464 0.056205 0.093170 
0.079911 0.000848 0.126964 0.080268 0.049554 0.071161 
0.057054 0.001116 0.130134 0.069062 0.078795 0.070357 
0.057187 0.001071 0.131250 0.036027 0.077500 0.070268 
0.057054 0.000982 0.133170 0.002902 0.078527 0.058080 
0.034018 0.000759 0.133482 0.035089 0.132054 0.068929 
0.056920 0.012009 0.101473 0.079643 0.110848 0.102187 
0.034196 0.023393 0.135670 0.012188 0.133393 0.101027 
0.057098 0.012054 0.130134 0.015268 0.100446 0.046205 
0.057098 0.000357 0.113973 0.002723 0.110536 0.113616 
0.068437 0.011830 0.123750 0.001339 0.079286 0.124107 
0.045804 0.000536 0.102902 0.001830 0.098214 0.113036 
0.045714 0.012009 0.133438 0.014063 0.129777 0.078348 
0.045670 0.000848 0.131339 0.004687 0.108170 0.102634 
0.045804 0.001027 0.132589 0.005089 0.131830 0.067902 
0.045714 0.000714 0.135402 0.001741 0.096607 0.057277 
0.011652 0.011920 0.116027 0.101741 0.130268 0.091696 
0.045804 0.011830 0.115804 0.111607 0.137589 0.103616 
0.045625 0.000446 0.127991 0.057366 0.138839 0.092054 
0.068571 0.000580 0.137455 0.013170 0.139018 0.046384 
0.068661 0.000491 0.135580 0.014955 0.139598 0.069107 
0.045714 0.000670 0.136339 0.014330 0.095804 0.103482 
0.079821 0.000536 0.127009 0.015268 0.152321 0.091518 
0.057187 0.000402 0.129420 0.013750 0.154598 0.046830 
0.034420 0.000491 0.130045 0.012813 0.142411 0.057991 
0.057054 0.000313 0.131161 0.034286 0.155938 0.079777 
0.056920 0.000357 0.131161 0.079955 0.156250 0.090491 
0.079688 0.000313 0.131562 0.034554 0.155893 0.113750 
0.079643 0.000357 0.139554 0.012009 0.111875 0.102545 
0.079554 0.000402 0.137946 0.023304 0.112143 0.102143 
0.079554 0.000580 0.137321 0.068125 0.122991 0.079286 
0.079554 0.000357 0.139063 0.034152 0.100982 0.113214 
0.068080 0.034420 0.139911 0.068795 0.123438 0.068036 
0.113661 0.011741 0.136295 0.026339 0.111964 0.090402 
0.090893 0.000491 0.133170 0.017054 0.036027 0.068214 
0.102545 0.034598 0.117321 0.070045 0.143125 0.081295 
0.125223 0.000179 0.137589 0.014241 0.156741 0.080268 
0.125089 0.000402 0.138036 0.014464 0.067545 0.114107 
0.125089 0.011696 0.138259 0.014420 0.055848 0.080491 
0.136384 0.011607 0.140893 0.013482 0.112411 0.090938 
0.090982 0.011563 0.138616 0.024241 0.124107 0.112902 
0.079464 0.057054 0.139688 0.090982 0.134509 0.101741 
0.068214 0.034152 0.115982 0.101964 0.156339 0.101473 
0.068259 0.011429 0.118080 0.135402 0.155268 0.135938 
0.102589 0.011473 0.118973 0.135446 0.155446 0.124330 
0.079777 0.045625 0.086473 0.135714 0.144554 0.114196 
0.079688 0.057054 0.057277 0.123661 0.144464 0.080536 
0.068348 0.000268 0.133527 0.025580 0.154018 0.057366 
0.102232 0.000179 0.097991 0.024688 0.144643 0.056920 
0.113616 0.000179 0.139420 0.024420 0.145937 0.101339 
0.113661 0.045580 0.108884 0.023527 0.122902 0.079420 
0.102232 0.000134 0.136339 0.014152 0.154196 0.091205 
0.113750 0.000223 0.143348 0.025848 0.155804 0.080402 
0.102411 0.000223 0.141161 0.026875 0.155179 0.104107 
0.113750 0.000268 0.139286 0.026071 0.153259 0.103393 
0.079688 0.011607 0.117411 0.057232 0.152277 0.125625 
0.113884 0.011518 0.115625 0.124375 0.152545 0.135580 
0.125313 0.011473 0.129911 0.079866 0.153438 0.113438 
0.091027 0.034330 0.136071 0.024777 0.154196 0.113482 
0.102277 0.022991 0.140089 0.024420 0.154420 0.102455 
0.102411 0.011741 0.139375 0.057634 0.154196 0.102768 
0.102455 0.000223 0.139286 0.012366 0.154598 0.102589 
0.102500 0.000134 0.141429 0.034643 0.155000 0.091027 
0.136696 0.000268 0.143661 0.101964 0.154866 0.125089 
0.148125 0.000313 0.139241 0.124554 0.154375 0.135625 
0.102500 0.000268 0.139196 0.124330 0.154152 0.135982 
0.057054 0.000491 0.085536 0.124107 0.142589 0.113527 
0.125357 0.000357 0.080357 0.113884 0.135000 0.113795 
0.079688 0.000313 0.057232 0.147366 0.124241 0.101518 
0.056920 0.000536 0.026830 0.133482 0.132321 0.112813 
0.079732 0.023527 0.088125 0.131339 0.131384 0.112366 
0.079688 0.000804 0.088348 0.132946 0.122232 0.135089 
0.079911 0.000402 0.086786 0.133795 0.143795 0.135848 
0.102634 0.000536 0.085580 0.123661 0.145268 0.136071 
0.125179 0.000268 0.138080 0.024062 0.155670 0.102098 
0.113929 0.000313 0.137009 0.057589 0.155625 0.090714 
0.068438 0.000670 0.085938 0.133125 0.132054 0.134911 
